100000000
001000000010000
010000101000
01001000000
000000100
1000
100000
10000110010000
0100000000100000000
001001
1000000000000000
1000
000
001100
01000
010001010000
00000100
101
10100
0000000000000
0
100000
100
010
0
00110000
0000
000000
001000001010100000000
00000000100001000001000
000001000
00001000
00000010000000
000100
100000
010100100000000
000010001000000
000010001000010000
0000010000
1000
0000100001000
00001000001000000
0010001000010100
0000001000100000
10000
0010000
00000
100010000
0000000101100000
001000101000
000000000
0001000
000100000
0000
0010000010000
000100001000
000000
0000000
0100
000000
00000
000010000
000010000
000001000
000000100100000
001000010000000
000000
00001001000
000000010000
0001010
0000
000100
000000000
00001001000
0000100010000100000
000000100000100000
00010100100
001001000010010000
0000000100
001000
000000
1010000
1000000000
000000001000000
00
000
000100000000
10010
00000100000
0000110000000000000
1001000101000000
0000000000001010000
000100100000
00000000100000001
0000100000000000
010
10100
00000
00010000
000100010
00010
00010000
1010
00001001000
0000000
000001000
000001010
1001000
0000100
010000
0000000000
0000
00000000000000
000100010000
000001000000000
0000000
00010000000
0000110000011000000
000010000
001000
00100
0000100000
0100000000
00000101000
000000100010
01000
0000010001000
001000
000001010110
0000001000000
001000
0010010
00010000
01000
000000
001010010000
000100001
0
000001
01000
000000000000000
0000000
000010000
00000100000
0000100010010000
00
0000000
00010000100000
00010
00000001000100000
00000100000100
001010100000000
00010
00000000000
0000010000
000001000100000
000000
0000000000010
00000
00010000
0000010000000
0000000
0000000
0000000001000
000101000000
000
00001001
01001000
000
000
0000000
000100000
01001000
00000010010110000
000001000010100100
000
01
00000000
001000010000
0001000000010000
000100000
100010000
000000
0000000
00001000010100
000
00
0000100000
00010000
00000000
00
0001000
00001000000000000
00000000000000000
000000000
0001001000000
00010000
0010010000000
000000
00000010000
00010010001000000
0100
00010000010000000
10010000
001010000010001000
000
1010000000
10000001100001000
100010000010000
00000100000
00000100
00100
0000000
100100001000100
1010000
00010010000
01000010010000
100010001000
1010000000
1010001000010000
01010000
000000001000010
00000000100000
10
00000010000
00100000100
00000000
00000
000000000000000
0000000
00000010000
00000001000000
001000
000010010
0010000
1000
0001
00010010000
00
0001010
000000
000010000
00010000000
0010000
0000000
00001000
0000010000000
000000
000
0000
0000
001000
00
00000000000000000
0000000110000000
0001000
0000100000
000000010
00100010000000
0000001
00100
10001000100000001000010001010000
100010000
0001000
00000100010010000000
000100
00010100
000
0010000
01000
001010
000
0000000000
0000000000
01000001000
0000
01000
00000001000000
0000010100000
0010
0000110
0000010
000000
1000100
0000000000
0000100010001000
000010000001100000000000000
000
00001000000
000
0100101
00000100000
0000
01000000
0001000
0100000000
01000
000
0000
000000010000
010100000
0100100
000100
00000000000000
010
01000000
001100
0000100000000
0010000100000
000101001000100
0001001000100100100
010001001000
000010
0100000
000100000
000000101000
0100100000
00
0010000
000000000000
01000010010
00000001000010000
010001010
0000
0000100000000
0001000010000
0000100
000000001000010000
000000000
00
00
00000000001000010000
0000100010000
000010100000
00100000
000000000
0001000
00
0000
00001000000
0000001010010000
000000100000
000001000
00100000
00001000
0001001000001000100000
0000000
0000001001000
00001010010
0000
00000100
00100000000
00000
00
00000
001000010
000010000
00
0010010
0000010000100000000
000
0001000
0010000
00000010000
000000000000
000000
00010010000
000110000000
000100010000
0000
001000000100
00000
010
00000000
000010
000001000
0000000000
00
1001000
0100
00000
000001
0000000000
000100
0010000
00000
0010
00000000
00000010
00000000100
000010010000
00010
00001001000
0001000
00001000
000001000000000000
000101000
000010000
000
0001000
0001
0000000010100001000
0000000000
0001000
000000110
000001001000
00001000
0000100000
00000
0000010001000
00000000
00000010100000
000000
00001000100
000001001000
01001001000000
0000000
000
0001001000
0001000100100000
0010000
0000
001000000
10
0000000000
00011000
000000000
000
0000000000000
000100000000000000000
001000
000100100
000101000
00010000100
00101000
0001000100
0001001000
0001000
000100
00010000
000100000100000
00010001001000
000110000
0001000001000
00001000000
00000001000
0001000
00000010101000
000010
001000
0010001000
0010001000
001000001000000
0001000
0000010000100000010
00000100010000000000
00000000
00001010
00010000000
000
001000000
0010010000000
00000000000000
00000
0000000000100
00001000
000010001000100
000000100000
000000100000
100000
00000000
00
010010010000
0000000000
001010100000
0000000
10
01
00100000
000001000100000
000001100000
000100100
00000000
00
000100
000
010
000
000100000000
01000100
01000100100
00010000
000000101000010100
0100010000100000
0001000
01001000101000
00000010000
0000
000000000
00000
0000010000
0000
0000
000
00
000100001000
0000000
00101000000000000
0010010
000010001001000
000000000
00000
0100
01010
000
00001000000100000
1000
01100000000
00100000000
0101000
001000100
00000100100000
0000001000000
0010000
00000010010000000000
100
010
00000000
00100101000010000000
000000000
00001
00000000100
000000100000
0010
01000
01000
0000010000
000
000100000
0000
001000
000000
01001001001000100100000
00000
000100010000000
00010000100000
000010
001000100
000100100
0000100010000000
000000000
00000
0000000001000
0001000100000
00000100100
00000000100000
00000100000
001000
00001000000000
00000100000
00000010000
000
000000
000010000
0000000000
0000001001
00000
00010000
00010010000
0010000000
100001000
000000100
00010010001
0000000010000
0000100000001000001001000010000000
00000
0010000
0100
100
0000000010000
0000100
000100010000000
00000010000000
001000
0000100000
00000000010000
0000000
0000000
00001001000101000
000010000
000100100
000110010
000
000100
0000
000000000
00001000010000
00000000
000
000010100
0010
000010000
01001000
00010001001000
0000010000
001000000000100000
000000000
00000000000
00010000
0001000001010
00000000001000
00000010000
000010000000
000
000
0000
00010000010
001000
0000000010000000
10
00
000000000
0000000100000
0001000000
0001000000
00
0000000
000100000
00001000010
00000
00000
00011000
000
000000001
0000000100000
00010000
00010000
000010
00
0000010
000000000
00000001000
0000001000100000
0000010000
00000
00000010000000
0000010
00010000000
0001
01100010
100000
00000110000
00010000
00
000
0000010
00100000000
0010010000
0000000000
00010000
000101000
01000010010000010001000000
0100000
0001000
000100000000
0000101010
0000010000
01000
000001
00001001000000
00001001000
000
00100000000
000100000000
00010010000
00000
000010000
00001000
00011000100
00000000
0000100000011000
00010100
00100
000100000
0100100100100
10001010
00010000
0000010000
001000
0010010100000000000
00000
000010000
100
10100
0010000000000
100
0000
10010000
001000000000
1000100000
011001000100
10001000001000
10001000000
010100
001000000
0010000000000
101000000
1011000
1000000000
0100000
00000000000
000000001000100000
00
00000010000000
00000
010001000
0000
0100010001000
01000001000001010000
001000100000
001000
100010000101000
011001001000
00000001000000
00
000
0001000000
00000000000
00001000
0000000100
0001000000000
0010000000
00001000010000
00010010000
001001001000
0000100010000
000110000
000010000000
00010001000
000
00000100010010000
000100000000
00010000
000
001000
100
0000110000
00
00001001000000
0000000000001001000010001010000
001000
001000000
00000
0010
00000
00010000
00010001000
00000000000110100100
0000100000000
00000
00010
000000000
000101000000
0000100010
0001000000
00010
001000
00000
00010
01
00001000000
00010000001000010010
000001000
0000
000000000
0010000
000000001
000000100
0000100000
0000
000000000000
000000
0
01010001010000000
000010000
0101000
000000
00000100000
0001000
00010000
000010000
0010000001000001
0000000
01
0000000
001000
010000
010000100
000010000
0001000010000
001000100000
0001000100
00100000010001
00000000000000000
0000000
0010
0000000
010000001000
001010
001000
0010000100000
0000
00000000
000
00000100
0000000000101000
00010010
0100100
0000010
0100100
0000101001000
001000
0011000
0000001000000
0010000
000000
000010000
000
000000
0000010000
00000000000
000101000100
0000
000100100000
0000000100
00001000000
0000000000
0000100
00100
0001000000
000000000
0001000100
0010010100000
000001000010100100
00100
1010
00000000000010
00000000
00000000
0000000101000
000000000
0000010000
0000010
00100000000100000
00001000
0000
0001000
000000100
00000
0000101000
000000
000100000010001000000
000100000
0010100
000100000
001000
00010000
000000001010000
0000000000000000
01000101000
000000
00000000000
000010000101001000
000110
0000000000100100
000100
00000101000
0000
00001000
0001000
00000100100000
0000
0000
00010000
010000
0100000
000000100010
01000
01000
0000000100100
000010000
1000
00000100000
010
00000000
00000001000
00001000000
001000
000010000000
0000010000
0000000
00000000
0000001000000000
00100
0000100100000
00000000000
000000
000000010100100000000100000000
000000000
00000
00000000
000
0001000100000
00010000
0000010
0001010101000
000100000
0000000000010000
000100000000000000
00000000
00100
00010000000
000010000
0000000000
0001000000100000
00010001000001000
001000
0010100010
000000000
001000
00001001000000000
001000
0001010000000000000000
000010100010000100000
0000100000
00010000
000
00010100
001001000
0010
000101000
0010101000
0000100
0000001000
000000000
000000000000000
000100000
001000000000
0000
0000100000
00000
000000100001000
00000010000000
000000100000
00000000000000000010
0000
0100000
0100010001000
00010000
010
10100
00000
00000001000
000
0000000
0000100000000000
00000100
0010000
00001001000100
00000
0110
0000001000
00000010010000
010001001000
000000110000
0000100
0000000100000
01001001010000
0000100100010000000
001000
00100000000000
000100010000
000100000000
0000
00000
0000000
00000
000010000
000000010001000
000000000
0000
0001000
001000
00000000000000000000000110
000001001000
0010001001000000
00100010000
0001000001000000
00100001000100
000000000
